k1: 4.614171795099491
k2: 0.028760277298039982